  3.0031000e+002  3.0032463e+002  3.0033000e+002  3.0033191e+002  3.0033908e+002  3.0034000e+002  3.0034334e+002  3.0034963e+002  3.0034261e+002  3.0034433e+002  3.0034878e+002  3.0034190e+002  3.0034488e+002  3.0034837e+002  3.0034163e+002  3.0034000e+002  3.0033837e+002  3.0033176e+002  3.0033000e+002  3.0033000e+002  3.0033000e+002  3.0032590e+002  3.0031955e+002  3.0031320e+002  3.0031000e+002  3.0031000e+002  3.0030447e+002  3.0030000e+002  3.0030000e+002  3.0029219e+002  3.0028000e+002
  3.0032569e+002  3.0033650e+002  3.0034016e+002  3.0034237e+002  3.0034523e+002  3.0034523e+002  3.0034857e+002  3.0035280e+002  3.0035306e+002  3.0035479e+002  3.0035523e+002  3.0035236e+002  3.0035517e+002  3.0035180e+002  3.0034685e+002  3.0034523e+002  3.0034523e+002  3.0034222e+002  3.0034046e+002  3.0033723e+002  3.0033523e+002  3.0033113e+002  3.0032762e+002  3.0032366e+002  3.0032046e+002  3.0031819e+002  3.0031493e+002  3.0031046e+002  3.0030742e+002  3.0030133e+002  3.0029046e+002
  3.0034000e+002  3.0034389e+002  3.0034754e+002  3.0035091e+002  3.0035091e+002  3.0035091e+002  3.0035236e+002  3.0035587e+002  3.0035938e+002  3.0036046e+002  3.0036046e+002  3.0036046e+002  3.0035824e+002  3.0035487e+002  3.0035150e+002  3.0035091e+002  3.0035091e+002  3.0035091e+002  3.0034831e+002  3.0034507e+002  3.0034183e+002  3.0033863e+002  3.0033546e+002  3.0033229e+002  3.0032914e+002  3.0032603e+002  3.0032292e+002  3.0031875e+002  3.0031265e+002  3.0030655e+002  3.0030046e+002
  3.0034000e+002  3.0034650e+002  3.0035062e+002  3.0036136e+002  3.0036136e+002  3.0036136e+002  3.0036136e+002  3.0036370e+002  3.0036875e+002  3.0036703e+002  3.0036568e+002  3.0036568e+002  3.0036568e+002  3.0036270e+002  3.0036136e+002  3.0036136e+002  3.0036136e+002  3.0035744e+002  3.0035568e+002  3.0035290e+002  3.0034797e+002  3.0034568e+002  3.0034329e+002  3.0033888e+002  3.0033568e+002  3.0033387e+002  3.0033015e+002  3.0032397e+002  3.0031787e+002  3.0031177e+002  3.0030568e+002
  3.0034276e+002  3.0035007e+002  3.0036018e+002  3.0037092e+002  3.0037092e+002  3.0037184e+002  3.0037184e+002  3.0037184e+002  3.0037831e+002  3.0037659e+002  3.0037184e+002  3.0037184e+002  3.0037184e+002  3.0037184e+002  3.0037184e+002  3.0037184e+002  3.0037021e+002  3.0036360e+002  3.0036184e+002  3.0036061e+002  3.0035413e+002  3.0035184e+002  3.0035047e+002  3.0034412e+002  3.0034092e+002  3.0034081e+002  3.0033539e+002  3.0032921e+002  3.0032311e+002  3.0031793e+002  3.0031184e+002
  3.0035875e+002  3.0036428e+002  3.0036794e+002  3.0037625e+002  3.0037891e+002  3.0038250e+002  3.0038250e+002  3.0038250e+002  3.0038364e+002  3.0038250e+002  3.0038250e+002  3.0038250e+002  3.0038250e+002  3.0038250e+002  3.0038250e+002  3.0038187e+002  3.0037856e+002  3.0037426e+002  3.0037200e+002  3.0036876e+002  3.0036479e+002  3.0036215e+002  3.0035580e+002  3.0034945e+002  3.0034625e+002  3.0034347e+002  3.0034036e+002  3.0033454e+002  3.0033047e+002  3.0032742e+002  3.0032250e+002
  3.0037158e+002  3.0037603e+002  3.0037969e+002  3.0038491e+002  3.0038849e+002  3.0039207e+002  3.0039316e+002  3.0039316e+002  3.0039316e+002  3.0039316e+002  3.0039316e+002  3.0039316e+002  3.0039316e+002  3.0039316e+002  3.0039316e+002  3.0038986e+002  3.0038656e+002  3.0038325e+002  3.0038000e+002  3.0037676e+002  3.0037352e+002  3.0036748e+002  3.0036113e+002  3.0035478e+002  3.0035083e+002  3.0034772e+002  3.0034461e+002  3.0033993e+002  3.0033689e+002  3.0033384e+002  3.0033000e+002
  3.0037691e+002  3.0038403e+002  3.0038846e+002  3.0039574e+002  3.0040182e+002  3.0040383e+002  3.0040383e+002  3.0040383e+002  3.0040383e+002  3.0040383e+002  3.0040383e+002  3.0040383e+002  3.0040383e+002  3.0040383e+002  3.0039854e+002  3.0039691e+002  3.0039456e+002  3.0038868e+002  3.0038691e+002  3.0038476e+002  3.0037921e+002  3.0037281e+002  3.0036646e+002  3.0036383e+002  3.0036074e+002  3.0035572e+002  3.0035139e+002  3.0034520e+002  3.0033955e+002  3.0033610e+002  3.0033000e+002
  3.0038688e+002  3.0039420e+002  3.0040151e+002  3.0040879e+002  3.0041459e+002  3.0041459e+002  3.0041459e+002  3.0041459e+002  3.0041459e+002  3.0041459e+002  3.0041459e+002  3.0041459e+002  3.0041459e+002  3.0041263e+002  3.0040621e+002  3.0040459e+002  3.0040263e+002  3.0039635e+002  3.0039459e+002  3.0039283e+002  3.0038688e+002  3.0038049e+002  3.0037414e+002  3.0037229e+002  3.0036921e+002  3.0036379e+002  3.0035906e+002  3.0035288e+002  3.0034678e+002  3.0034068e+002  3.0033459e+002
  3.0040321e+002  3.0041052e+002  3.0041784e+002  3.0042511e+002  3.0042547e+002  3.0042547e+002  3.0042547e+002  3.0042547e+002  3.0042547e+002  3.0042547e+002  3.0042547e+002  3.0042547e+002  3.0042416e+002  3.0042079e+002  3.0041710e+002  3.0041409e+002  3.0041079e+002  3.0040723e+002  3.0040423e+002  3.0040099e+002  3.0039775e+002  3.0039137e+002  3.0038502e+002  3.0037867e+002  3.0037506e+002  3.0037195e+002  3.0036884e+002  3.0036376e+002  3.0035766e+002  3.0035157e+002  3.0034547e+002
  3.0041635e+002  3.0042685e+002  3.0043416e+002  3.0043953e+002  3.0043953e+002  3.0043953e+002  3.0043953e+002  3.0043953e+002  3.0043953e+002  3.0043953e+002  3.0043953e+002  3.0043825e+002  3.0043550e+002  3.0043213e+002  3.0042798e+002  3.0042543e+002  3.0042213e+002  3.0041812e+002  3.0041239e+002  3.0040915e+002  3.0040547e+002  3.0040225e+002  3.0039590e+002  3.0038955e+002  3.0038327e+002  3.0038011e+002  3.0037700e+002  3.0037147e+002  3.0036537e+002  3.0035927e+002  3.0035000e+002
  3.0042724e+002  3.0044187e+002  3.0045048e+002  3.0045585e+002  3.0045585e+002  3.0045585e+002  3.0045585e+002  3.0045585e+002  3.0045585e+002  3.0045585e+002  3.0045585e+002  3.0044914e+002  3.0044724e+002  3.0044561e+002  3.0043886e+002  3.0043724e+002  3.0043561e+002  3.0042900e+002  3.0042248e+002  3.0041731e+002  3.0041091e+002  3.0040862e+002  3.0040679e+002  3.0040044e+002  3.0039415e+002  3.0038827e+002  3.0038309e+002  3.0037691e+002  3.0037081e+002  3.0036219e+002  3.0035000e+002
  3.0045071e+002  3.0046315e+002  3.0046706e+002  3.0047243e+002  3.0047403e+002  3.0047657e+002  3.0047657e+002  3.0047431e+002  3.0047243e+002  3.0047243e+002  3.0046975e+002  3.0046433e+002  3.0046243e+002  3.0045954e+002  3.0045405e+002  3.0045243e+002  3.0044666e+002  3.0044005e+002  3.0043353e+002  3.0042705e+002  3.0042058e+002  3.0041828e+002  3.0041369e+002  3.0040734e+002  3.0040106e+002  3.0039484e+002  3.0038862e+002  3.0038243e+002  3.0037731e+002  3.0037426e+002  3.0036243e+002
  3.0047847e+002  3.0048259e+002  3.0048625e+002  3.0048988e+002  3.0049347e+002  3.0049705e+002  3.0049726e+002  3.0049375e+002  3.0049023e+002  3.0048707e+002  3.0048363e+002  3.0048019e+002  3.0047679e+002  3.0047342e+002  3.0047005e+002  3.0046437e+002  3.0045776e+002  3.0045115e+002  3.0044464e+002  3.0043816e+002  3.0043168e+002  3.0042559e+002  3.0041924e+002  3.0041289e+002  3.0040661e+002  3.0040039e+002  3.0039417e+002  3.0038869e+002  3.0038564e+002  3.0038259e+002  3.0037908e+002
  3.0049574e+002  3.0050202e+002  3.0050568e+002  3.0051624e+002  3.0051815e+002  3.0052099e+002  3.0051764e+002  3.0051318e+002  3.0051099e+002  3.0050666e+002  3.0050276e+002  3.0050099e+002  3.0049611e+002  3.0049255e+002  3.0048737e+002  3.0048072e+002  3.0047411e+002  3.0046750e+002  3.0045624e+002  3.0044926e+002  3.0044279e+002  3.0043639e+002  3.0043004e+002  3.0042370e+002  3.0041741e+002  3.0041119e+002  3.0040497e+002  3.0039878e+002  3.0039397e+002  3.0039092e+002  3.0038000e+002
  3.0051490e+002  3.0052221e+002  3.0053334e+002  3.0054408e+002  3.0054408e+002  3.0054408e+002  3.0054074e+002  3.0053371e+002  3.0053326e+002  3.0052893e+002  3.0052245e+002  3.0052245e+002  3.0051757e+002  3.0051082e+002  3.0050407e+002  3.0049743e+002  3.0049000e+002  3.0048339e+002  3.0047213e+002  3.0046040e+002  3.0045392e+002  3.0044753e+002  3.0044118e+002  3.0043483e+002  3.0042855e+002  3.0042233e+002  3.0041611e+002  3.0040992e+002  3.0040382e+002  3.0039464e+002  3.0038245e+002
  3.0054889e+002  3.0055621e+002  3.0056353e+002  3.0057241e+002  3.0057241e+002  3.0057241e+002  3.0056907e+002  3.0056204e+002  3.0055593e+002  3.0055160e+002  3.0054471e+002  3.0053945e+002  3.0053456e+002  3.0052782e+002  3.0052107e+002  3.0051368e+002  3.0050376e+002  3.0049473e+002  3.0048408e+002  3.0047436e+002  3.0046526e+002  3.0045886e+002  3.0045251e+002  3.0044617e+002  3.0043988e+002  3.0043366e+002  3.0042744e+002  3.0042125e+002  3.0041516e+002  3.0040906e+002  3.0039945e+002
  3.0058289e+002  3.0059021e+002  3.0059752e+002  3.0060313e+002  3.0060289e+002  3.0060289e+002  3.0059955e+002  3.0059252e+002  3.0058550e+002  3.0057641e+002  3.0056953e+002  3.0056240e+002  3.0055371e+002  3.0054697e+002  3.0053970e+002  3.0052999e+002  3.0052008e+002  3.0050997e+002  3.0049824e+002  3.0048853e+002  3.0047881e+002  3.0047020e+002  3.0046385e+002  3.0045750e+002  3.0045121e+002  3.0044499e+002  3.0043877e+002  3.0043087e+002  3.0042434e+002  3.0041824e+002  3.0041000e+002
  3.0061689e+002  3.0062420e+002  3.0063397e+002  3.0064280e+002  3.0063689e+002  3.0063689e+002  3.0063354e+002  3.0062652e+002  3.0061429e+002  3.0060474e+002  3.0059786e+002  3.0058506e+002  3.0057638e+002  3.0056963e+002  3.0055670e+002  3.0054843e+002  3.0053991e+002  3.0052697e+002  3.0051394e+002  3.0050269e+002  3.0049574e+002  3.0048524e+002  3.0047518e+002  3.0046883e+002  3.0046255e+002  3.0045633e+002  3.0045010e+002  3.0044221e+002  3.0043001e+002  3.0042219e+002  3.0041000e+002
  3.0066197e+002  3.0066886e+002  3.0067413e+002  3.0068296e+002  3.0067711e+002  3.0067487e+002  3.0067152e+002  3.0066058e+002  3.0064653e+002  3.0063699e+002  3.0062533e+002  3.0061156e+002  3.0060288e+002  3.0059095e+002  3.0057746e+002  3.0056919e+002  3.0055740e+002  3.0054418e+002  3.0053115e+002  3.0051820e+002  3.0050940e+002  3.0049890e+002  3.0048821e+002  3.0048031e+002  3.0047402e+002  3.0046637e+002  3.0045803e+002  3.0045013e+002  3.0043930e+002  3.0043285e+002  3.0042066e+002
  3.0071402e+002  3.0071801e+002  3.0072167e+002  3.0072406e+002  3.0072048e+002  3.0071689e+002  3.0070932e+002  3.0069527e+002  3.0068122e+002  3.0066802e+002  3.0065425e+002  3.0064048e+002  3.0062758e+002  3.0061408e+002  3.0060059e+002  3.0058797e+002  3.0057475e+002  3.0056153e+002  3.0054850e+002  3.0053555e+002  3.0052259e+002  3.0051219e+002  3.0050266e+002  3.0049314e+002  3.0048438e+002  3.0047505e+002  3.0046571e+002  3.0045696e+002  3.0045086e+002  3.0044477e+002  3.0043801e+002
  3.0077117e+002  3.0078251e+002  3.0078617e+002  3.0078438e+002  3.0077919e+002  3.0077221e+002  3.0075425e+002  3.0074020e+002  3.0072364e+002  3.0070283e+002  3.0068827e+002  3.0067129e+002  3.0065582e+002  3.0064233e+002  3.0062535e+002  3.0060542e+002  3.0059210e+002  3.0057888e+002  3.0056585e+002  3.0055289e+002  3.0053994e+002  3.0052715e+002  3.0051712e+002  3.0050664e+002  3.0049407e+002  3.0048372e+002  3.0047471e+002  3.0046681e+002  3.0045731e+002  3.0045121e+002  3.0044512e+002
  3.0083468e+002  3.0084931e+002  3.0085193e+002  3.0085002e+002  3.0084285e+002  3.0082136e+002  3.0080341e+002  3.0078678e+002  3.0076516e+002  3.0074435e+002  3.0072186e+002  3.0070121e+002  3.0068574e+002  3.0066879e+002  3.0064855e+002  3.0062862e+002  3.0060950e+002  3.0059628e+002  3.0058325e+002  3.0056937e+002  3.0055642e+002  3.0054363e+002  3.0053094e+002  3.0051824e+002  3.0050567e+002  3.0049334e+002  3.0048631e+002  3.0047841e+002  3.0046622e+002  3.0045793e+002  3.0045184e+002
  3.0092910e+002  3.0093340e+002  3.0092974e+002  3.0092674e+002  3.0090778e+002  3.0088628e+002  3.0086799e+002  3.0083989e+002  3.0081237e+002  3.0079041e+002  3.0076287e+002  3.0073662e+002  3.0071860e+002  3.0069499e+002  3.0067215e+002  3.0065222e+002  3.0063239e+002  3.0061398e+002  3.0060017e+002  3.0058397e+002  3.0056822e+002  3.0055543e+002  3.0054274e+002  3.0053004e+002  3.0051747e+002  3.0050809e+002  3.0049876e+002  3.0049021e+002  3.0048034e+002  3.0047119e+002  3.0046364e+002
  3.0103712e+002  3.0103482e+002  3.0103116e+002  3.0101023e+002  3.0098629e+002  3.0096478e+002  3.0092654e+002  3.0089844e+002  3.0087011e+002  3.0083172e+002  3.0080418e+002  3.0077582e+002  3.0074787e+002  3.0072426e+002  3.0070010e+002  3.0067583e+002  3.0065599e+002  3.0063521e+002  3.0061492e+002  3.0059872e+002  3.0058274e+002  3.0056724e+002  3.0055454e+002  3.0054184e+002  3.0052945e+002  3.0052012e+002  3.0051079e+002  3.0050202e+002  3.0049237e+002  3.0048322e+002  3.0047272e+002
  3.0116102e+002  3.0116102e+002  3.0114989e+002  3.0112234e+002  3.0108069e+002  3.0104459e+002  3.0100199e+002  3.0096334e+002  3.0092321e+002  3.0088160e+002  3.0084548e+002  3.0081122e+002  3.0078219e+002  3.0075659e+002  3.0072960e+002  3.0070303e+002  3.0067935e+002  3.0065291e+002  3.0063160e+002  3.0061347e+002  3.0060044e+002  3.0058355e+002  3.0056634e+002  3.0055364e+002  3.0054107e+002  3.0052897e+002  3.0052171e+002  3.0051382e+002  3.0050162e+002  3.0049081e+002  3.0047862e+002
  3.0135608e+002  3.0134065e+002  3.0128221e+002  3.0125466e+002  3.0119689e+002  3.0113173e+002  3.0108913e+002  3.0103453e+002  3.0098177e+002  3.0094015e+002  3.0089301e+002  3.0085180e+002  3.0082276e+002  3.0078642e+002  3.0075496e+002  3.0072838e+002  3.0070194e+002  3.0067550e+002  3.0065420e+002  3.0063184e+002  3.0061381e+002  3.0059692e+002  3.0058041e+002  3.0056563e+002  3.0055306e+002  3.0054062e+002  3.0052909e+002  3.0052119e+002  3.0051021e+002  3.0050106e+002  3.0048923e+002
  3.0158111e+002  3.0151750e+002  3.0145898e+002  3.0138553e+002  3.0131384e+002  3.0124216e+002  3.0116951e+002  3.0110979e+002  3.0105008e+002  3.0099413e+002  3.0094594e+002  3.0089775e+002  3.0085600e+002  3.0081890e+002  3.0078180e+002  3.0075183e+002  3.0072539e+002  3.0069895e+002  3.0067496e+002  3.0065228e+002  3.0062961e+002  3.0061133e+002  3.0059546e+002  3.0057959e+002  3.0056510e+002  3.0055266e+002  3.0054022e+002  3.0052838e+002  3.0051924e+002  3.0051010e+002  3.0050063e+002
  3.0187612e+002  3.0176435e+002  3.0169297e+002  3.0156199e+002  3.0145232e+002  3.0136323e+002  3.0125966e+002  3.0118505e+002  3.0111522e+002  3.0104325e+002  3.0098808e+002  3.0093514e+002  3.0088575e+002  3.0084600e+002  3.0080638e+002  3.0077153e+002  3.0074345e+002  3.0071701e+002  3.0069096e+002  3.0066733e+002  3.0064684e+002  3.0062766e+002  3.0061051e+002  3.0059291e+002  3.0057714e+002  3.0056470e+002  3.0055226e+002  3.0053989e+002  3.0052827e+002  3.0051885e+002  3.0050666e+002
  3.0225304e+002  3.0213490e+002  3.0188678e+002  3.0175581e+002  3.0161412e+002  3.0146652e+002  3.0136295e+002  3.0126233e+002  3.0117324e+002  3.0110127e+002  3.0103046e+002  3.0097159e+002  3.0092221e+002  3.0087281e+002  3.0083068e+002  3.0079584e+002  3.0076278e+002  3.0073524e+002  3.0070919e+002  3.0068327e+002  3.0066234e+002  3.0064316e+002  3.0062411e+002  3.0060506e+002  3.0058929e+002  3.0057685e+002  3.0056441e+002  3.0055204e+002  3.0054012e+002  3.0053039e+002  3.0051819e+002
  3.0273234e+002  3.0246980e+002  3.0218084e+002  3.0195311e+002  3.0177389e+002  3.0159467e+002  3.0146075e+002  3.0134835e+002  3.0123596e+002  3.0115497e+002  3.0108269e+002  3.0101041e+002  3.0095720e+002  3.0090660e+002  3.0085601e+002  3.0082042e+002  3.0078737e+002  3.0075431e+002  3.0072762e+002  3.0070171e+002  3.0067580e+002  3.0065545e+002  3.0063640e+002  3.0061735e+002  3.0060158e+002  3.0058914e+002  3.0057670e+002  3.0056462e+002  3.0055548e+002  3.0054633e+002  3.0053663e+002
  3.0320663e+002  3.0275950e+002  3.0247055e+002  3.0212946e+002  3.0190353e+002  3.0171798e+002  3.0153174e+002  3.0140928e+002  3.0129446e+002  3.0119387e+002  3.0111986e+002  3.0104601e+002  3.0098116e+002  3.0093036e+002  3.0087807e+002  3.0083496e+002  3.0080190e+002  3.0076885e+002  3.0074103e+002  3.0071512e+002  3.0068921e+002  3.0066774e+002  3.0064869e+002  3.0062964e+002  3.0061079e+002  3.0059641e+002  3.0058452e+002  3.0057491e+002  3.0056080e+002  3.0055165e+002  3.0054000e+002
  3.0367566e+002  3.0315627e+002  3.0267583e+002  3.0233108e+002  3.0204406e+002  3.0180575e+002  3.0161951e+002  3.0146496e+002  3.0134143e+002  3.0124084e+002  3.0115020e+002  3.0107448e+002  3.0100963e+002  3.0095055e+002  3.0089658e+002  3.0085346e+002  3.0081424e+002  3.0078119e+002  3.0075337e+002  3.0072627e+002  3.0070036e+002  3.0067888e+002  3.0065984e+002  3.0064079e+002  3.0062194e+002  3.0060377e+002  3.0059566e+002  3.0058605e+002  3.0056777e+002  3.0055457e+002  3.0054238e+002
  3.0412709e+002  3.0354085e+002  3.0291905e+002  3.0247529e+002  3.0218201e+002  3.0188809e+002  3.0168848e+002  3.0153393e+002  3.0137938e+002  3.0127756e+002  3.0118462e+002  3.0109329e+002  3.0102960e+002  3.0097227e+002  3.0091539e+002  3.0087227e+002  3.0083261e+002  3.0079373e+002  3.0076481e+002  3.0073565e+002  3.0070663e+002  3.0068515e+002  3.0066611e+002  3.0064706e+002  3.0062875e+002  3.0061631e+002  3.0060387e+002  3.0059232e+002  3.0057930e+002  3.0056711e+002  3.0055492e+002
  3.0439205e+002  3.0365836e+002  3.0303656e+002  3.0255551e+002  3.0223789e+002  3.0194398e+002  3.0171462e+002  3.0155814e+002  3.0140696e+002  3.0128967e+002  3.0119673e+002  3.0110654e+002  3.0103663e+002  3.0097929e+002  3.0092511e+002  3.0087989e+002  3.0084023e+002  3.0080057e+002  3.0077048e+002  3.0074133e+002  3.0071290e+002  3.0068769e+002  3.0066865e+002  3.0064960e+002  3.0063383e+002  3.0062139e+002  3.0060895e+002  3.0059486e+002  3.0058065e+002  3.0056846e+002  3.0055254e+002
  3.0453000e+002  3.0368873e+002  3.0308364e+002  3.0263702e+002  3.0224990e+002  3.0196896e+002  3.0173970e+002  3.0155298e+002  3.0141951e+002  3.0130071e+002  3.0119542e+002  3.0111281e+002  3.0104117e+002  3.0097860e+002  3.0093138e+002  3.0088488e+002  3.0084023e+002  3.0080057e+002  3.0077099e+002  3.0074508e+002  3.0071917e+002  3.0069359e+002  3.0066865e+002  3.0064960e+002  3.0063383e+002  3.0062139e+002  3.0060895e+002  3.0059486e+002  3.0057658e+002  3.0055829e+002  3.0054000e+002
  3.0439205e+002  3.0365836e+002  3.0303656e+002  3.0255551e+002  3.0223789e+002  3.0194398e+002  3.0171462e+002  3.0155814e+002  3.0140696e+002  3.0128967e+002  3.0119673e+002  3.0110654e+002  3.0103663e+002  3.0097929e+002  3.0092511e+002  3.0087989e+002  3.0084023e+002  3.0080057e+002  3.0077048e+002  3.0074133e+002  3.0071290e+002  3.0068769e+002  3.0066865e+002  3.0064960e+002  3.0063383e+002  3.0062139e+002  3.0060895e+002  3.0059486e+002  3.0058065e+002  3.0056846e+002  3.0055254e+002
  3.0412709e+002  3.0354085e+002  3.0291905e+002  3.0247529e+002  3.0218201e+002  3.0188809e+002  3.0168848e+002  3.0153393e+002  3.0137938e+002  3.0127756e+002  3.0118462e+002  3.0109329e+002  3.0102960e+002  3.0097227e+002  3.0091539e+002  3.0087227e+002  3.0083261e+002  3.0079373e+002  3.0076481e+002  3.0073565e+002  3.0070663e+002  3.0068515e+002  3.0066611e+002  3.0064706e+002  3.0062875e+002  3.0061631e+002  3.0060387e+002  3.0059232e+002  3.0057930e+002  3.0056711e+002  3.0055492e+002
  3.0367566e+002  3.0315627e+002  3.0267583e+002  3.0233108e+002  3.0204406e+002  3.0180575e+002  3.0161951e+002  3.0146496e+002  3.0134143e+002  3.0124084e+002  3.0115020e+002  3.0107448e+002  3.0100963e+002  3.0095055e+002  3.0089658e+002  3.0085346e+002  3.0081424e+002  3.0078119e+002  3.0075337e+002  3.0072627e+002  3.0070036e+002  3.0067888e+002  3.0065984e+002  3.0064079e+002  3.0062194e+002  3.0060377e+002  3.0059566e+002  3.0058605e+002  3.0056777e+002  3.0055457e+002  3.0054238e+002
  3.0320663e+002  3.0275950e+002  3.0247055e+002  3.0212946e+002  3.0190353e+002  3.0171798e+002  3.0153174e+002  3.0140928e+002  3.0129446e+002  3.0119387e+002  3.0111986e+002  3.0104601e+002  3.0098116e+002  3.0093036e+002  3.0087807e+002  3.0083496e+002  3.0080190e+002  3.0076885e+002  3.0074103e+002  3.0071512e+002  3.0068921e+002  3.0066774e+002  3.0064869e+002  3.0062964e+002  3.0061079e+002  3.0059641e+002  3.0058452e+002  3.0057491e+002  3.0056080e+002  3.0055165e+002  3.0054000e+002
  3.0273234e+002  3.0246980e+002  3.0218084e+002  3.0195311e+002  3.0177389e+002  3.0159467e+002  3.0146075e+002  3.0134835e+002  3.0123596e+002  3.0115497e+002  3.0108269e+002  3.0101041e+002  3.0095720e+002  3.0090660e+002  3.0085601e+002  3.0082042e+002  3.0078737e+002  3.0075431e+002  3.0072762e+002  3.0070171e+002  3.0067580e+002  3.0065545e+002  3.0063640e+002  3.0061735e+002  3.0060158e+002  3.0058914e+002  3.0057670e+002  3.0056462e+002  3.0055548e+002  3.0054633e+002  3.0053663e+002
  3.0225304e+002  3.0213490e+002  3.0188678e+002  3.0175581e+002  3.0161412e+002  3.0146652e+002  3.0136295e+002  3.0126233e+002  3.0117324e+002  3.0110127e+002  3.0103046e+002  3.0097159e+002  3.0092221e+002  3.0087281e+002  3.0083068e+002  3.0079584e+002  3.0076278e+002  3.0073524e+002  3.0070919e+002  3.0068327e+002  3.0066234e+002  3.0064316e+002  3.0062411e+002  3.0060506e+002  3.0058929e+002  3.0057685e+002  3.0056441e+002  3.0055204e+002  3.0054012e+002  3.0053039e+002  3.0051819e+002
  3.0187612e+002  3.0176435e+002  3.0169297e+002  3.0156199e+002  3.0145232e+002  3.0136323e+002  3.0125966e+002  3.0118505e+002  3.0111522e+002  3.0104325e+002  3.0098808e+002  3.0093514e+002  3.0088575e+002  3.0084600e+002  3.0080638e+002  3.0077153e+002  3.0074345e+002  3.0071701e+002  3.0069096e+002  3.0066733e+002  3.0064684e+002  3.0062766e+002  3.0061051e+002  3.0059291e+002  3.0057714e+002  3.0056470e+002  3.0055226e+002  3.0053989e+002  3.0052827e+002  3.0051885e+002  3.0050666e+002
  3.0158111e+002  3.0151750e+002  3.0145898e+002  3.0138553e+002  3.0131384e+002  3.0124216e+002  3.0116951e+002  3.0110979e+002  3.0105008e+002  3.0099413e+002  3.0094594e+002  3.0089775e+002  3.0085600e+002  3.0081890e+002  3.0078180e+002  3.0075183e+002  3.0072539e+002  3.0069895e+002  3.0067496e+002  3.0065228e+002  3.0062961e+002  3.0061133e+002  3.0059546e+002  3.0057959e+002  3.0056510e+002  3.0055266e+002  3.0054022e+002  3.0052838e+002  3.0051924e+002  3.0051010e+002  3.0050063e+002
  3.0135608e+002  3.0134065e+002  3.0128221e+002  3.0125466e+002  3.0119689e+002  3.0113173e+002  3.0108913e+002  3.0103453e+002  3.0098177e+002  3.0094015e+002  3.0089301e+002  3.0085180e+002  3.0082276e+002  3.0078642e+002  3.0075496e+002  3.0072838e+002  3.0070194e+002  3.0067550e+002  3.0065420e+002  3.0063184e+002  3.0061381e+002  3.0059692e+002  3.0058041e+002  3.0056563e+002  3.0055306e+002  3.0054062e+002  3.0052909e+002  3.0052119e+002  3.0051021e+002  3.0050106e+002  3.0048923e+002
  3.0116102e+002  3.0116102e+002  3.0114989e+002  3.0112234e+002  3.0108069e+002  3.0104459e+002  3.0100199e+002  3.0096334e+002  3.0092321e+002  3.0088160e+002  3.0084548e+002  3.0081122e+002  3.0078219e+002  3.0075659e+002  3.0072960e+002  3.0070303e+002  3.0067935e+002  3.0065291e+002  3.0063160e+002  3.0061347e+002  3.0060044e+002  3.0058355e+002  3.0056634e+002  3.0055364e+002  3.0054107e+002  3.0052897e+002  3.0052171e+002  3.0051382e+002  3.0050162e+002  3.0049081e+002  3.0047862e+002
  3.0103712e+002  3.0103482e+002  3.0103116e+002  3.0101023e+002  3.0098629e+002  3.0096478e+002  3.0092654e+002  3.0089844e+002  3.0087011e+002  3.0083172e+002  3.0080418e+002  3.0077582e+002  3.0074787e+002  3.0072426e+002  3.0070010e+002  3.0067583e+002  3.0065599e+002  3.0063521e+002  3.0061492e+002  3.0059872e+002  3.0058274e+002  3.0056724e+002  3.0055454e+002  3.0054184e+002  3.0052945e+002  3.0052012e+002  3.0051079e+002  3.0050202e+002  3.0049237e+002  3.0048322e+002  3.0047272e+002
  3.0092910e+002  3.0093340e+002  3.0092974e+002  3.0092674e+002  3.0090778e+002  3.0088628e+002  3.0086799e+002  3.0083989e+002  3.0081237e+002  3.0079041e+002  3.0076287e+002  3.0073662e+002  3.0071860e+002  3.0069499e+002  3.0067215e+002  3.0065222e+002  3.0063239e+002  3.0061398e+002  3.0060017e+002  3.0058397e+002  3.0056822e+002  3.0055543e+002  3.0054274e+002  3.0053004e+002  3.0051747e+002  3.0050809e+002  3.0049876e+002  3.0049021e+002  3.0048034e+002  3.0047119e+002  3.0046364e+002
  3.0083468e+002  3.0084931e+002  3.0085193e+002  3.0085002e+002  3.0084285e+002  3.0082136e+002  3.0080341e+002  3.0078678e+002  3.0076516e+002  3.0074435e+002  3.0072186e+002  3.0070121e+002  3.0068574e+002  3.0066879e+002  3.0064855e+002  3.0062862e+002  3.0060950e+002  3.0059628e+002  3.0058325e+002  3.0056937e+002  3.0055642e+002  3.0054363e+002  3.0053094e+002  3.0051824e+002  3.0050567e+002  3.0049334e+002  3.0048631e+002  3.0047841e+002  3.0046622e+002  3.0045793e+002  3.0045184e+002
  3.0077117e+002  3.0078251e+002  3.0078617e+002  3.0078438e+002  3.0077919e+002  3.0077221e+002  3.0075425e+002  3.0074020e+002  3.0072364e+002  3.0070283e+002  3.0068827e+002  3.0067129e+002  3.0065582e+002  3.0064233e+002  3.0062535e+002  3.0060542e+002  3.0059210e+002  3.0057888e+002  3.0056585e+002  3.0055289e+002  3.0053994e+002  3.0052715e+002  3.0051712e+002  3.0050664e+002  3.0049407e+002  3.0048372e+002  3.0047471e+002  3.0046681e+002  3.0045731e+002  3.0045121e+002  3.0044512e+002
  3.0071402e+002  3.0071801e+002  3.0072167e+002  3.0072406e+002  3.0072048e+002  3.0071689e+002  3.0070932e+002  3.0069527e+002  3.0068122e+002  3.0066802e+002  3.0065425e+002  3.0064048e+002  3.0062758e+002  3.0061408e+002  3.0060059e+002  3.0058797e+002  3.0057475e+002  3.0056153e+002  3.0054850e+002  3.0053555e+002  3.0052259e+002  3.0051219e+002  3.0050266e+002  3.0049314e+002  3.0048438e+002  3.0047505e+002  3.0046571e+002  3.0045696e+002  3.0045086e+002  3.0044477e+002  3.0043801e+002
  3.0066197e+002  3.0066886e+002  3.0067413e+002  3.0068296e+002  3.0067711e+002  3.0067487e+002  3.0067152e+002  3.0066058e+002  3.0064653e+002  3.0063699e+002  3.0062533e+002  3.0061156e+002  3.0060288e+002  3.0059095e+002  3.0057746e+002  3.0056919e+002  3.0055740e+002  3.0054418e+002  3.0053115e+002  3.0051820e+002  3.0050940e+002  3.0049890e+002  3.0048821e+002  3.0048031e+002  3.0047402e+002  3.0046637e+002  3.0045803e+002  3.0045013e+002  3.0043930e+002  3.0043285e+002  3.0042066e+002
  3.0061689e+002  3.0062420e+002  3.0063397e+002  3.0064280e+002  3.0063689e+002  3.0063689e+002  3.0063354e+002  3.0062652e+002  3.0061429e+002  3.0060474e+002  3.0059786e+002  3.0058506e+002  3.0057638e+002  3.0056963e+002  3.0055670e+002  3.0054843e+002  3.0053991e+002  3.0052697e+002  3.0051394e+002  3.0050269e+002  3.0049574e+002  3.0048524e+002  3.0047518e+002  3.0046883e+002  3.0046255e+002  3.0045633e+002  3.0045010e+002  3.0044221e+002  3.0043001e+002  3.0042219e+002  3.0041000e+002
  3.0058289e+002  3.0059021e+002  3.0059752e+002  3.0060313e+002  3.0060289e+002  3.0060289e+002  3.0059955e+002  3.0059252e+002  3.0058550e+002  3.0057641e+002  3.0056953e+002  3.0056240e+002  3.0055371e+002  3.0054697e+002  3.0053970e+002  3.0052999e+002  3.0052008e+002  3.0050997e+002  3.0049824e+002  3.0048853e+002  3.0047881e+002  3.0047020e+002  3.0046385e+002  3.0045750e+002  3.0045121e+002  3.0044499e+002  3.0043877e+002  3.0043087e+002  3.0042434e+002  3.0041824e+002  3.0041000e+002
  3.0054889e+002  3.0055621e+002  3.0056353e+002  3.0057241e+002  3.0057241e+002  3.0057241e+002  3.0056907e+002  3.0056204e+002  3.0055593e+002  3.0055160e+002  3.0054471e+002  3.0053945e+002  3.0053456e+002  3.0052782e+002  3.0052107e+002  3.0051368e+002  3.0050376e+002  3.0049473e+002  3.0048408e+002  3.0047436e+002  3.0046526e+002  3.0045886e+002  3.0045251e+002  3.0044617e+002  3.0043988e+002  3.0043366e+002  3.0042744e+002  3.0042125e+002  3.0041516e+002  3.0040906e+002  3.0039945e+002
  3.0051490e+002  3.0052221e+002  3.0053334e+002  3.0054408e+002  3.0054408e+002  3.0054408e+002  3.0054074e+002  3.0053371e+002  3.0053326e+002  3.0052893e+002  3.0052245e+002  3.0052245e+002  3.0051757e+002  3.0051082e+002  3.0050407e+002  3.0049743e+002  3.0049000e+002  3.0048339e+002  3.0047213e+002  3.0046040e+002  3.0045392e+002  3.0044753e+002  3.0044118e+002  3.0043483e+002  3.0042855e+002  3.0042233e+002  3.0041611e+002  3.0040992e+002  3.0040382e+002  3.0039464e+002  3.0038245e+002
  3.0049574e+002  3.0050202e+002  3.0050568e+002  3.0051624e+002  3.0051815e+002  3.0052099e+002  3.0051764e+002  3.0051318e+002  3.0051099e+002  3.0050666e+002  3.0050276e+002  3.0050099e+002  3.0049611e+002  3.0049255e+002  3.0048737e+002  3.0048072e+002  3.0047411e+002  3.0046750e+002  3.0045624e+002  3.0044926e+002  3.0044279e+002  3.0043639e+002  3.0043004e+002  3.0042370e+002  3.0041741e+002  3.0041119e+002  3.0040497e+002  3.0039878e+002  3.0039397e+002  3.0039092e+002  3.0038000e+002
  3.0047847e+002  3.0048259e+002  3.0048625e+002  3.0048988e+002  3.0049347e+002  3.0049705e+002  3.0049726e+002  3.0049375e+002  3.0049023e+002  3.0048707e+002  3.0048363e+002  3.0048019e+002  3.0047679e+002  3.0047342e+002  3.0047005e+002  3.0046437e+002  3.0045776e+002  3.0045115e+002  3.0044464e+002  3.0043816e+002  3.0043168e+002  3.0042559e+002  3.0041924e+002  3.0041289e+002  3.0040661e+002  3.0040039e+002  3.0039417e+002  3.0038869e+002  3.0038564e+002  3.0038259e+002  3.0037908e+002
  3.0045071e+002  3.0046315e+002  3.0046706e+002  3.0047243e+002  3.0047403e+002  3.0047657e+002  3.0047657e+002  3.0047431e+002  3.0047243e+002  3.0047243e+002  3.0046975e+002  3.0046433e+002  3.0046243e+002  3.0045954e+002  3.0045405e+002  3.0045243e+002  3.0044666e+002  3.0044005e+002  3.0043353e+002  3.0042705e+002  3.0042058e+002  3.0041828e+002  3.0041369e+002  3.0040734e+002  3.0040106e+002  3.0039484e+002  3.0038862e+002  3.0038243e+002  3.0037731e+002  3.0037426e+002  3.0036243e+002
  3.0042724e+002  3.0044187e+002  3.0045048e+002  3.0045585e+002  3.0045585e+002  3.0045585e+002  3.0045585e+002  3.0045585e+002  3.0045585e+002  3.0045585e+002  3.0045585e+002  3.0044914e+002  3.0044724e+002  3.0044561e+002  3.0043886e+002  3.0043724e+002  3.0043561e+002  3.0042900e+002  3.0042248e+002  3.0041731e+002  3.0041091e+002  3.0040862e+002  3.0040679e+002  3.0040044e+002  3.0039415e+002  3.0038827e+002  3.0038309e+002  3.0037691e+002  3.0037081e+002  3.0036219e+002  3.0035000e+002
  3.0041635e+002  3.0042685e+002  3.0043416e+002  3.0043953e+002  3.0043953e+002  3.0043953e+002  3.0043953e+002  3.0043953e+002  3.0043953e+002  3.0043953e+002  3.0043953e+002  3.0043825e+002  3.0043550e+002  3.0043213e+002  3.0042798e+002  3.0042543e+002  3.0042213e+002  3.0041812e+002  3.0041239e+002  3.0040915e+002  3.0040547e+002  3.0040225e+002  3.0039590e+002  3.0038955e+002  3.0038327e+002  3.0038011e+002  3.0037700e+002  3.0037147e+002  3.0036537e+002  3.0035927e+002  3.0035000e+002
  3.0040321e+002  3.0041052e+002  3.0041784e+002  3.0042511e+002  3.0042547e+002  3.0042547e+002  3.0042547e+002  3.0042547e+002  3.0042547e+002  3.0042547e+002  3.0042547e+002  3.0042547e+002  3.0042416e+002  3.0042079e+002  3.0041710e+002  3.0041409e+002  3.0041079e+002  3.0040723e+002  3.0040423e+002  3.0040099e+002  3.0039775e+002  3.0039137e+002  3.0038502e+002  3.0037867e+002  3.0037506e+002  3.0037195e+002  3.0036884e+002  3.0036376e+002  3.0035766e+002  3.0035157e+002  3.0034547e+002
  3.0038688e+002  3.0039420e+002  3.0040151e+002  3.0040879e+002  3.0041459e+002  3.0041459e+002  3.0041459e+002  3.0041459e+002  3.0041459e+002  3.0041459e+002  3.0041459e+002  3.0041459e+002  3.0041459e+002  3.0041263e+002  3.0040621e+002  3.0040459e+002  3.0040263e+002  3.0039635e+002  3.0039459e+002  3.0039283e+002  3.0038688e+002  3.0038049e+002  3.0037414e+002  3.0037229e+002  3.0036921e+002  3.0036379e+002  3.0035906e+002  3.0035288e+002  3.0034678e+002  3.0034068e+002  3.0033459e+002
  3.0037691e+002  3.0038403e+002  3.0038846e+002  3.0039574e+002  3.0040182e+002  3.0040383e+002  3.0040383e+002  3.0040383e+002  3.0040383e+002  3.0040383e+002  3.0040383e+002  3.0040383e+002  3.0040383e+002  3.0040383e+002  3.0039854e+002  3.0039691e+002  3.0039456e+002  3.0038868e+002  3.0038691e+002  3.0038476e+002  3.0037921e+002  3.0037281e+002  3.0036646e+002  3.0036383e+002  3.0036074e+002  3.0035572e+002  3.0035139e+002  3.0034520e+002  3.0033955e+002  3.0033610e+002  3.0033000e+002
  3.0037158e+002  3.0037603e+002  3.0037969e+002  3.0038491e+002  3.0038849e+002  3.0039207e+002  3.0039316e+002  3.0039316e+002  3.0039316e+002  3.0039316e+002  3.0039316e+002  3.0039316e+002  3.0039316e+002  3.0039316e+002  3.0039316e+002  3.0038986e+002  3.0038656e+002  3.0038325e+002  3.0038000e+002  3.0037676e+002  3.0037352e+002  3.0036748e+002  3.0036113e+002  3.0035478e+002  3.0035083e+002  3.0034772e+002  3.0034461e+002  3.0033993e+002  3.0033689e+002  3.0033384e+002  3.0033000e+002
  3.0035875e+002  3.0036428e+002  3.0036794e+002  3.0037625e+002  3.0037891e+002  3.0038250e+002  3.0038250e+002  3.0038250e+002  3.0038364e+002  3.0038250e+002  3.0038250e+002  3.0038250e+002  3.0038250e+002  3.0038250e+002  3.0038250e+002  3.0038187e+002  3.0037856e+002  3.0037426e+002  3.0037200e+002  3.0036876e+002  3.0036479e+002  3.0036215e+002  3.0035580e+002  3.0034945e+002  3.0034625e+002  3.0034347e+002  3.0034036e+002  3.0033454e+002  3.0033047e+002  3.0032742e+002  3.0032250e+002
  3.0034276e+002  3.0035007e+002  3.0036018e+002  3.0037092e+002  3.0037092e+002  3.0037184e+002  3.0037184e+002  3.0037184e+002  3.0037831e+002  3.0037659e+002  3.0037184e+002  3.0037184e+002  3.0037184e+002  3.0037184e+002  3.0037184e+002  3.0037184e+002  3.0037021e+002  3.0036360e+002  3.0036184e+002  3.0036061e+002  3.0035413e+002  3.0035184e+002  3.0035047e+002  3.0034412e+002  3.0034092e+002  3.0034081e+002  3.0033539e+002  3.0032921e+002  3.0032311e+002  3.0031793e+002  3.0031184e+002
  3.0034000e+002  3.0034650e+002  3.0035062e+002  3.0036136e+002  3.0036136e+002  3.0036136e+002  3.0036136e+002  3.0036370e+002  3.0036875e+002  3.0036703e+002  3.0036568e+002  3.0036568e+002  3.0036568e+002  3.0036270e+002  3.0036136e+002  3.0036136e+002  3.0036136e+002  3.0035744e+002  3.0035568e+002  3.0035290e+002  3.0034797e+002  3.0034568e+002  3.0034329e+002  3.0033888e+002  3.0033568e+002  3.0033387e+002  3.0033015e+002  3.0032397e+002  3.0031787e+002  3.0031177e+002  3.0030568e+002
  3.0034000e+002  3.0034389e+002  3.0034754e+002  3.0035091e+002  3.0035091e+002  3.0035091e+002  3.0035236e+002  3.0035587e+002  3.0035938e+002  3.0036046e+002  3.0036046e+002  3.0036046e+002  3.0035824e+002  3.0035487e+002  3.0035150e+002  3.0035091e+002  3.0035091e+002  3.0035091e+002  3.0034831e+002  3.0034507e+002  3.0034183e+002  3.0033863e+002  3.0033546e+002  3.0033229e+002  3.0032914e+002  3.0032603e+002  3.0032292e+002  3.0031875e+002  3.0031265e+002  3.0030655e+002  3.0030046e+002
  3.0032569e+002  3.0033650e+002  3.0034016e+002  3.0034237e+002  3.0034523e+002  3.0034523e+002  3.0034857e+002  3.0035280e+002  3.0035306e+002  3.0035479e+002  3.0035523e+002  3.0035236e+002  3.0035517e+002  3.0035180e+002  3.0034685e+002  3.0034523e+002  3.0034523e+002  3.0034222e+002  3.0034046e+002  3.0033723e+002  3.0033523e+002  3.0033113e+002  3.0032762e+002  3.0032366e+002  3.0032046e+002  3.0031819e+002  3.0031493e+002  3.0031046e+002  3.0030742e+002  3.0030133e+002  3.0029046e+002
  3.0031000e+002  3.0032463e+002  3.0033000e+002  3.0033191e+002  3.0033908e+002  3.0034000e+002  3.0034334e+002  3.0034963e+002  3.0034261e+002  3.0034433e+002  3.0034878e+002  3.0034190e+002  3.0034488e+002  3.0034837e+002  3.0034163e+002  3.0034000e+002  3.0033837e+002  3.0033176e+002  3.0033000e+002  3.0033000e+002  3.0033000e+002  3.0032590e+002  3.0031955e+002  3.0031320e+002  3.0031000e+002  3.0031000e+002  3.0030447e+002  3.0030000e+002  3.0030000e+002  3.0029219e+002  3.0028000e+002
