 -1.2500000e-001 -2.1649196e-006 -5.3390000e-008
 -1.2142857e-001 -2.1462448e-006 -5.2867097e-008
 -1.1785714e-001 -2.1310787e-006 -5.2344261e-008
 -1.1428571e-001 -2.1154476e-006 -5.1822122e-008
 -1.1071429e-001 -2.0992729e-006 -5.1390000e-008
 -1.0714286e-001 -2.0797321e-006 -5.1390000e-008
 -1.0357143e-001 -2.0608457e-006 -5.1231910e-008
 -1.0000000e-001 -2.0433236e-006 -5.0698542e-008
 -9.6428571e-002 -2.0232187e-006 -5.0160619e-008
 -9.2857143e-002 -1.9992986e-006 -4.9616443e-008
 -8.9285714e-002 -1.9743954e-006 -4.9072315e-008
 -8.5714286e-002 -1.9495416e-006 -4.8528221e-008
 -8.2142857e-002 -1.9202041e-006 -4.7561597e-008
 -7.8571429e-002 -1.8906382e-006 -4.6451079e-008
 -7.5000000e-002 -1.8560652e-006 -4.5865280e-008
 -7.1428571e-002 -1.8194858e-006 -4.5177797e-008
 -6.7857143e-002 -1.7781894e-006 -4.3704576e-008
 -6.4285714e-002 -1.7344628e-006 -4.2317300e-008
 -6.0714286e-002 -1.6882083e-006 -4.1070728e-008
 -5.7142857e-002 -1.6369297e-006 -3.9701827e-008
 -5.3571429e-002 -1.5825531e-006 -3.8256139e-008
 -5.0000000e-002 -1.5196165e-006 -3.6605962e-008
 -4.6428571e-002 -1.4541366e-006 -3.4868784e-008
 -4.2857143e-002 -1.3777331e-006 -3.2803351e-008
 -3.9285714e-002 -1.2943378e-006 -3.0602086e-008
 -3.5714286e-002 -1.2015350e-006 -2.8241981e-008
 -3.2142857e-002 -1.0915659e-006 -2.5521753e-008
 -2.8571429e-002 -9.7336281e-007 -2.2634504e-008
 -2.5000000e-002 -8.3911804e-007 -1.9262960e-008
 -2.1428571e-002 -6.8861497e-007 -1.5778536e-008
 -1.7857143e-002 -5.2133719e-007 -1.2153032e-008
 -1.4285714e-002 -3.7623543e-007 -8.5777397e-009
 -1.0714286e-002 -2.3081026e-007 -5.2021961e-009
 -7.1428571e-003 -9.2019491e-008 -2.6315600e-009
 -3.5714286e-003 -2.7748458e-008 -9.9697521e-010
  0.0000000e+000  0.0000000e+000  0.0000000e+000
  3.5714286e-003 -2.7748458e-008 -1.0026185e-009
  7.1428571e-003 -9.2019491e-008 -2.6382737e-009
  1.0714286e-002 -2.3081026e-007 -5.2032669e-009
  1.4285714e-002 -3.7623543e-007 -8.5279510e-009
  1.7857143e-002 -5.2133719e-007 -1.2064270e-008
  2.1428571e-002 -6.8861497e-007 -1.5751223e-008
  2.5000000e-002 -8.3911804e-007 -1.9229514e-008
  2.8571429e-002 -9.7336281e-007 -2.2540853e-008
  3.2142857e-002 -1.0915659e-006 -2.5529487e-008
  3.5714286e-002 -1.2015350e-006 -2.8341981e-008
  3.9285714e-002 -1.2943378e-006 -3.0702086e-008
  4.2857143e-002 -1.3777331e-006 -3.2839731e-008
  4.6428571e-002 -1.4541366e-006 -3.4787139e-008
  5.0000000e-002 -1.5196165e-006 -3.6505962e-008
  5.3571429e-002 -1.5825531e-006 -3.8162784e-008
  5.7142857e-002 -1.6369297e-006 -3.9666300e-008
  6.0714286e-002 -1.6882083e-006 -4.1070728e-008
  6.4285714e-002 -1.7344628e-006 -4.2317300e-008
  6.7857143e-002 -1.7781894e-006 -4.3458344e-008
  7.1428571e-002 -1.8194858e-006 -4.4534929e-008
  7.5000000e-002 -1.8560652e-006 -4.5497976e-008
  7.8571429e-002 -1.8906382e-006 -4.6451079e-008
  8.2142857e-002 -1.9202041e-006 -4.7561597e-008
  8.5714286e-002 -1.9495416e-006 -4.8528221e-008
  8.9285714e-002 -1.9743954e-006 -4.9072315e-008
  9.2857143e-002 -1.9992986e-006 -4.9616443e-008
  9.6428571e-002 -2.0232187e-006 -5.0160619e-008
  1.0000000e-001 -2.0433236e-006 -5.0698542e-008
  1.0357143e-001 -2.0608457e-006 -5.1231910e-008
  1.0714286e-001 -2.0797321e-006 -5.1765053e-008
  1.1071429e-001 -2.0992729e-006 -5.2298102e-008
  1.1428571e-001 -2.1154476e-006 -5.2822122e-008
  1.1785714e-001 -2.1310787e-006 -5.3344261e-008
  1.2142857e-001 -2.1462448e-006 -5.3867097e-008
  1.2500000e-001 -2.1649196e-006 -5.4390000e-008
